Proximity matrix:
[[0.         0.53851648 0.50990195 0.64807407 0.14142136 0.6164414 ]
 [0.53851648 0.         0.3        0.33166248 0.60827625 1.09087121]
 [0.50990195 0.3        0.         0.24494897 0.50990195 1.08627805]
 [0.64807407 0.33166248 0.24494897 0.         0.64807407 1.16619038]
 [0.14142136 0.60827625 0.50990195 0.64807407 0.         0.6164414 ]
 [0.6164414  1.09087121 1.08627805 1.16619038 0.6164414  0.        ]]